#title: Spectral profile - cube.fits-raster
#region (world): Ellipse[[03:29:10.48, +31d13m31.37], [03:29:10.377, +31d13m32.853]]
#region (pixel): Ellipse[[59, 55], [73, 71]]
#coordinate: world
#xLabel: frequency [GHz]
#yLabel: [Kelvin] Mean

# cube.fits-raster
3.497558288574e+02 4.758906066418e-01
3.497568054199e+02 1.510390341282e-01
3.497577819824e+02 4.550806879997e-01
3.497587585449e+02 1.022859334946e+00
3.497597351074e+02 7.410658597946e-01
3.497607116699e+02 3.310195207596e-01
3.497616882324e+02 2.207154631615e-01
3.497626647949e+02 2.273650318384e-01
3.497636413574e+02 2.358227372169e-01
3.497646179199e+02 1.111460030079e-01
3.497655944824e+02 4.365079849958e-02
3.497665710449e+02 -1.591994427145e-02
3.497675476074e+02 -8.726068586111e-02
3.497685241699e+02 1.366290450096e-02
3.497695007324e+02 1.283973008394e-01
3.497704772949e+02 1.488404273987e-01
3.497714538574e+02 6.909532938153e-03
3.497724304199e+02 -3.715404123068e-02
3.497734069824e+02 9.338729083538e-02
3.497743835449e+02 9.016118943691e-02
3.497753601074e+02 2.098510265350e-01
3.497763366699e+02 1.814666390419e-01
3.497773132324e+02 1.325384974480e-01
3.497782897949e+02 2.878874838352e-01
3.497792663574e+02 5.317845344543e-01
3.497802429199e+02 6.281298995018e-01
3.497812194824e+02 4.419658482075e-01
3.497821960449e+02 8.845917135477e-02
3.497831726074e+02 -1.955999061465e-02
3.497841491699e+02 1.059680953622e-01
3.497851257324e+02 4.772800505161e-01
3.497861022949e+02 1.782536268234e+00
3.497870788574e+02 2.809906721115e+00
3.497880554199e+02 1.794889211655e+00
3.497890319824e+02 5.851882696152e-01
3.497900085449e+02 9.570802748203e-02
3.497909851074e+02 3.417034819722e-02
3.497919616699e+02 1.142632914707e-03
3.497929382324e+02 9.132784605026e-02
3.497939147949e+02 2.347890883684e-01
3.497948913574e+02 4.318275451660e-01
3.497958679199e+02 3.084399402142e-01
3.497968444824e+02 4.040888547897e-01
3.497978210449e+02 9.084144830704e-01
3.497987976074e+02 7.231765389442e-01
3.497997741699e+02 4.529246091843e-01
3.498007507324e+02 5.672711730003e-01
3.498017272949e+02 4.243385493755e-01
3.498027038574e+02 1.280621886253e-01
3.498036804199e+02 1.088002137840e-02
3.498046569824e+02 -1.163191534579e-02
3.498056335449e+02 -1.533870678395e-02
3.498066101074e+02 4.566947370768e-02
3.498075866699e+02 1.341580897570e-01
3.498085632324e+02 4.990306496620e-02
3.498095397949e+02 4.774042963982e-02
3.498105163574e+02 1.109257191420e-01
3.498114929199e+02 2.152687869966e-02
3.498124694824e+02 5.255648493767e-02
3.498134460449e+02 1.619083583355e-01
3.498144226074e+02 1.281417012215e-01
3.498153991699e+02 2.460374496877e-02
3.498163757324e+02 -1.458368357271e-02
3.498173522949e+02 -6.949652917683e-03
3.498183288574e+02 1.274363249540e-01
3.498193054199e+02 2.909706532955e-01
3.498202819824e+02 1.413561254740e-01
3.498212585449e+02 -3.421538043767e-03
3.498222351074e+02 1.421335909981e-04
3.498232116699e+02 2.120455503464e-01
3.498241882324e+02 9.898812770844e-01
3.498251647949e+02 2.419491291046e+00
3.498261413574e+02 2.153206110001e+00
3.498271179199e+02 9.499286413193e-01
3.498280944824e+02 3.990559875965e-01
3.498290710449e+02 8.934499323368e-02
3.498300476074e+02 7.016459852457e-02
3.498310241699e+02 4.861890152097e-02
3.498320007324e+02 1.142732892185e-02
3.498329772949e+02 -5.332809686661e-02
3.498339538574e+02 -4.613778367639e-02
3.498349304199e+02 1.585032045841e-01
3.498359069824e+02 2.570079863071e-01
3.498368835449e+02 1.961182057858e-01
3.498378601074e+02 4.634096473455e-02
3.498388366699e+02 -1.251671742648e-02
3.498398132324e+02 7.520837336779e-02
3.498407897949e+02 1.018870323896e-01
3.498417663574e+02 5.727430805564e-03
3.498427429199e+02 -6.481426209211e-02
3.498437194824e+02 1.939930580556e-02
3.498446960449e+02 8.034742623568e-02
3.498456726074e+02 2.628080546856e-01
3.498466491699e+02 1.689646989107e-01
3.498476257324e+02 1.662820875645e-01
3.498486022949e+02 2.399177402258e-01
3.498495788574e+02 8.353243768215e-02
3.498505554199e+02 1.365144252777e-01
3.498515319824e+02 5.423684716225e-01
3.498525085449e+02 1.364056944847e+00
3.498534851074e+02 2.931695938110e+00
3.498544616699e+02 3.005308628082e+00
3.498554382324e+02 3.062086820602e+00
3.498564147949e+02 3.223357439041e+00
3.498573913574e+02 1.778112053871e+00
3.498583679199e+02 7.724255323410e-01
3.498593444824e+02 5.426145792007e-01
3.498603210449e+02 4.874247610569e-01
3.498612976074e+02 2.993638515472e-01
3.498622741699e+02 8.972050994635e-02
3.498632507324e+02 1.544070057571e-02
3.498642272949e+02 -6.407245993614e-02
3.498652038574e+02 -5.491715297103e-02
3.498661804199e+02 -1.359816193581e-01
3.498671569824e+02 -6.321262568235e-02
3.498681335449e+02 -5.523520708084e-02
3.498691101074e+02 -3.804671578109e-03
3.498700866699e+02 -1.125677721575e-03
3.498710632324e+02 4.667133092880e-02
3.498720397949e+02 1.059214398265e-01
3.498730163574e+02 3.952155709267e-01
3.498739929199e+02 8.961802721024e-01
3.498749694824e+02 2.224575519562e+00
3.498759460449e+02 2.769852638245e+00
3.498769226074e+02 1.505256891251e+00
3.498778991699e+02 6.439149379730e-01
3.498788757324e+02 7.828068733215e-01
3.498798522949e+02 6.475355625153e-01
3.498808288574e+02 2.172935456038e-01
3.498818054199e+02 9.473288804293e-02
3.498827819824e+02 1.745440959930e-01
3.498837585449e+02 4.729388952255e-01
3.498847351074e+02 6.934000253677e-01
3.498857116699e+02 5.015371441841e-01
3.498866882324e+02 2.031772434711e-01
3.498876647949e+02 4.765120521188e-02
3.498886413574e+02 -3.332730010152e-02
3.498896179199e+02 -2.581416629255e-02
3.498905944824e+02 -2.832189947367e-02
3.498915710449e+02 -7.131312787533e-02
3.498925476074e+02 -7.298973947763e-02
3.498935241699e+02 -8.831081539392e-02
3.498945007324e+02 -1.171138137579e-01
3.498954772949e+02 -4.413403570652e-02
3.498964538574e+02 2.432833053172e-02
3.498974304199e+02 1.227333471179e-01
3.498984069824e+02 1.487568765879e-01
3.498993835449e+02 2.029776424170e-01
3.499003601074e+02 2.294775098562e-01
3.499013366699e+02 5.346455425024e-02
3.499023132324e+02 -5.325818806887e-02
3.499032897949e+02 -7.686659693718e-02
3.499042663574e+02 1.236811280251e-01
3.499052429199e+02 2.958069443703e-01
3.499062194824e+02 5.297321677208e-01
3.499071960449e+02 1.137548208237e+00
3.499081726074e+02 2.455302476883e+00
3.499091491699e+02 1.930020570755e+00
3.499101257324e+02 6.318262219429e-01
3.499111022949e+02 5.102057382464e-02
3.499120788574e+02 -8.115783333778e-02
3.499130554199e+02 -6.688290834427e-02
3.499140319824e+02 -2.024383097887e-02
3.499150085449e+02 -3.449608013034e-02
3.499159851074e+02 2.903720177710e-02
3.499169616699e+02 4.496182128787e-02
3.499179382324e+02 -4.409239068627e-02
3.499189147949e+02 6.471195723861e-03
3.499198913574e+02 1.735045015812e-02
3.499208679199e+02 2.755455300212e-02
3.499218444824e+02 6.267983466387e-02
3.499228210449e+02 7.793559134007e-02
3.499237976074e+02 8.134610205889e-02
3.499247741699e+02 1.627393662930e-01
3.499257507324e+02 2.709772586823e-01
3.499267272949e+02 3.556108474731e-01
3.499277038574e+02 2.253845781088e-01
3.499286804199e+02 1.644942760468e-01
3.499296569824e+02 1.105646714568e-01
3.499306335449e+02 2.104244679213e-01
3.499316101074e+02 1.520214378834e-01
3.499325866699e+02 5.309663340449e-02
3.499335632324e+02 -3.122870810330e-02
3.499345703125e+02 2.291831001639e-02
3.499355468750e+02 3.088072501123e-02
3.499365234375e+02 1.508928388357e-01
3.499375000000e+02 2.676574587822e-01
3.499384765625e+02 4.789269268513e-01
3.499394531250e+02 5.518576502800e-01
3.499404296875e+02 1.035385131836e+00
3.499414062500e+02 1.427554488182e+00
3.499423828125e+02 1.952887773514e+00
3.499433593750e+02 3.051103353500e+00
3.499443359375e+02 3.672286987305e+00
3.499453125000e+02 2.909331560135e+00
3.499462890625e+02 1.203896284103e+00
3.499472656250e+02 2.781443893909e-01
3.499482421875e+02 4.876621067524e-02
3.499492187500e+02 1.517817936838e-02
3.499501953125e+02 -1.291978452355e-02
3.499511718750e+02 2.542014047503e-02
3.499521484375e+02 2.727919025347e-03
3.499531250000e+02 -3.710449906066e-03
3.499541015625e+02 -3.833786770701e-02
3.499550781250e+02 -2.434755116701e-02
3.499560546875e+02 -8.744967170060e-03
3.499570312500e+02 4.566084593534e-02
3.499580078125e+02 7.376082241535e-02
3.499589843750e+02 6.679315119982e-02
3.499599609375e+02 -3.031593561172e-02
3.499609375000e+02 -2.855472080410e-02
3.499619140625e+02 2.004429232329e-03
3.499628906250e+02 1.098520681262e-02
3.499638671875e+02 1.080942675471e-01
3.499648437500e+02 1.332113742828e-01
3.499658203125e+02 2.375393062830e-01
3.499667968750e+02 2.311430126429e-01
3.499677734375e+02 2.444485425949e-01
3.499687500000e+02 1.234825626016e-01
3.499697265625e+02 2.931830659509e-02
3.499707031250e+02 -2.367975935340e-02
3.499716796875e+02 2.616493590176e-02
3.499726562500e+02 1.207570079714e-02
3.499736328125e+02 1.293116807938e-01
3.499746093750e+02 1.246438249946e-01
3.499755859375e+02 2.360922247171e-01
3.499765625000e+02 6.501984000206e-01
3.499775390625e+02 5.845700502396e-01
3.499785156250e+02 2.470257431269e-01
3.499794921875e+02 3.326146397740e-03
3.499804687500e+02 -3.347622603178e-02
3.499814453125e+02 -1.995678059757e-02
3.499824218750e+02 -8.023336529732e-02
3.499833984375e+02 -8.391217887402e-02
3.499843750000e+02 -6.391049921513e-02
3.499853515625e+02 2.443787525408e-04
3.499863281250e+02 2.056336104870e-01
3.499873046875e+02 5.709114074707e-01
3.499882812500e+02 1.159327983856e+00
3.499892578125e+02 1.323688745499e+00
3.499902343750e+02 1.214539170265e+00
3.499912109375e+02 8.920163512230e-01
3.499921875000e+02 5.005931854248e-01
3.499931640625e+02 1.937375664711e-01
3.499941406250e+02 3.195085795596e-03
3.499951171875e+02 8.083830028772e-02
3.499960937500e+02 -1.269659213722e-02
3.499970703125e+02 -3.486862778664e-02
3.499980468750e+02 -1.428525242954e-02
3.499990234375e+02 8.980951458216e-02
3.500000000000e+02 2.619688510895e-01
3.500009765625e+02 9.687627553940e-01
3.500019531250e+02 1.030392527580e+00
3.500029296875e+02 6.515678763390e-01
3.500039062500e+02 1.523897200823e-01
3.500048828125e+02 -5.941437091678e-03
3.500058593750e+02 3.790734708309e-02
3.500068359375e+02 -1.038402132690e-02
3.500078125000e+02 -5.154552310705e-02
3.500087890625e+02 -1.031505987048e-01
3.500097656250e+02 -2.026363462210e-02
3.500107421875e+02 -5.525300651789e-02
3.500117187500e+02 -3.019750490785e-02
3.500126953125e+02 7.000858336687e-02
3.500136718750e+02 2.113645821810e-01
3.500146484375e+02 4.096045494080e-01
3.500156250000e+02 6.093025803566e-01
3.500166015625e+02 6.528986692429e-01
3.500175781250e+02 1.084986567497e+00
3.500185546875e+02 2.335407495499e+00
3.500195312500e+02 3.545531511307e+00
3.500205078125e+02 2.818169116974e+00
3.500214843750e+02 1.163250327110e+00
3.500224609375e+02 2.635262608528e-01
3.500234375000e+02 6.176697462797e-02
3.500244140625e+02 2.320086769760e-02
3.500253906250e+02 -2.833655849099e-02
3.500263671875e+02 5.386095866561e-02
3.500273437500e+02 4.978121444583e-02
3.500283203125e+02 3.522740676999e-02
3.500292968750e+02 5.948940664530e-02
3.500302734375e+02 2.733817100525e-01
3.500312500000e+02 5.197507739067e-01
3.500322265625e+02 3.001587986946e-01
3.500332031250e+02 8.182278275490e-02
3.500341796875e+02 -1.037420239300e-02
3.500351562500e+02 2.236413769424e-02
3.500361328125e+02 5.464354529977e-02
3.500371093750e+02 9.295036643744e-02
3.500380859375e+02 2.067018449306e-01
3.500390625000e+02 3.019378781319e-01
3.500400390625e+02 2.871674597263e-01
3.500410156250e+02 1.225889921188e-01
3.500419921875e+02 2.929784357548e-01
3.500429687500e+02 3.966070413589e-01
3.500439453125e+02 8.930473029613e-02
3.500449218750e+02 -3.066498227417e-02
3.500458984375e+02 -8.692489936948e-03
3.500468750000e+02 -3.798300400376e-02
3.500478515625e+02 -9.868040680885e-02
3.500488281250e+02 -3.725665062666e-02
3.500498046875e+02 1.043717265129e-01
3.500507812500e+02 2.633229792118e-01
3.500517578125e+02 2.782663702965e-01
3.500527343750e+02 1.301154345274e-01
3.500537109375e+02 6.185626238585e-02
3.500546875000e+02 1.353528723121e-02
3.500556640625e+02 -2.709678187966e-02
3.500566406250e+02 8.721400983632e-03
3.500576171875e+02 2.261146716774e-02
3.500585937500e+02 5.650507286191e-02
3.500595703125e+02 8.657374978065e-02
3.500605468750e+02 -6.072759162635e-03
3.500615234375e+02 5.368044949137e-04
3.500625000000e+02 -7.519002258778e-02
3.500634765625e+02 -3.820600733161e-02
3.500644531250e+02 2.963883802295e-02
3.500654296875e+02 5.437312647700e-02
3.500664062500e+02 -1.990832202137e-02
3.500673828125e+02 -7.382746785879e-02
3.500683593750e+02 -1.615705899894e-02
3.500693359375e+02 -5.699755996466e-02
3.500703125000e+02 4.872566834092e-02
3.500712890625e+02 2.662808001041e-01
3.500722656250e+02 9.045716524124e-01
3.500732421875e+02 9.308946132660e-01
3.500742187500e+02 6.420119404793e-01
3.500751953125e+02 4.735012650490e-01
3.500761718750e+02 2.746842801571e-01
3.500771484375e+02 1.210057958961e-01
3.500781250000e+02 4.337582737207e-02
3.500791015625e+02 1.994372904301e-01
3.500800781250e+02 6.222644448280e-01
3.500810546875e+02 1.567147374153e+00
3.500820312500e+02 3.048946619034e+00
3.500830078125e+02 3.206697702408e+00
3.500839843750e+02 1.603995203972e+00
3.500849609375e+02 4.390526115894e-01
3.500859375000e+02 1.842342317104e-01
3.500869140625e+02 2.157378494740e-01
3.500878906250e+02 2.245027720928e-01
3.500888671875e+02 1.880335360765e-01
3.500898437500e+02 -3.458075597882e-02
3.500908203125e+02 5.638850387186e-03
3.500917968750e+02 2.001906633377e-01
3.500927734375e+02 3.519243597984e-01
3.500937500000e+02 8.498774170876e-01
3.500947265625e+02 2.254371166229e+00
3.500957031250e+02 2.298406839371e+00
3.500966796875e+02 8.574981093407e-01
3.500976562500e+02 1.148399636149e-01
3.500986328125e+02 -1.049021375366e-03
3.500996093750e+02 2.157549373806e-02
3.501005859375e+02 1.007874868810e-02
3.501015625000e+02 -9.624589234591e-03
3.501025390625e+02 7.896900177002e-02
3.501035156250e+02 9.548060595989e-02
3.501044921875e+02 -4.198656824883e-04
3.501054687500e+02 7.002683728933e-02
3.501064453125e+02 6.752683222294e-02
3.501074218750e+02 -2.539604902267e-02
3.501083984375e+02 -1.326234340668e-01
3.501093750000e+02 -1.771910488605e-01
3.501103515625e+02 -1.605536788702e-01
3.501113281250e+02 -1.008436530828e-01
3.501123046875e+02 -1.052081808448e-01
3.501132812500e+02 -8.685819804668e-02
3.501142578125e+02 -4.341308400035e-02
3.501152343750e+02 2.684024907649e-02
3.501162109375e+02 -4.823130369186e-02
3.501171875000e+02 3.007311560214e-02
3.501181640625e+02 1.201789230108e-01
3.501191406250e+02 1.245025172830e-01
3.501201171875e+02 8.251249045134e-02
3.501210937500e+02 1.544993817806e-01
3.501220703125e+02 3.171990811825e-01
3.501230468750e+02 7.450948953629e-01
3.501240234375e+02 1.537087202072e+00
3.501250000000e+02 2.614307641983e+00
3.501259765625e+02 3.535148859024e+00
3.501269531250e+02 3.127314567566e+00
3.501279296875e+02 1.468307971954e+00
3.501289062500e+02 6.979511380196e-01
3.501298828125e+02 5.490672588348e-01
3.501308593750e+02 8.076460361481e-01
3.501318359375e+02 1.322416424751e+00
3.501328125000e+02 2.339372634888e+00
3.501337890625e+02 3.210638999939e+00
3.501347656250e+02 2.051054239273e+00
3.501357421875e+02 8.703559041023e-01
3.501367187500e+02 6.124212741852e-01
3.501376953125e+02 3.314157128334e-01
3.501386718750e+02 4.895052313805e-02
3.501396484375e+02 -6.510423868895e-02
3.501406250000e+02 -1.353306472301e-01
3.501416015625e+02 -8.764733374119e-02
3.501425781250e+02 -7.493419945240e-02
3.501435546875e+02 -1.150622498244e-02
3.501445312500e+02 4.345414787531e-02
3.501455078125e+02 5.757531151175e-02
3.501464843750e+02 1.051382124424e-01
3.501474609375e+02 2.509463429451e-01
3.501484375000e+02 2.137867808342e-01
3.501494140625e+02 9.938658028841e-02
3.501503906250e+02 2.470958083868e-01
3.501513671875e+02 4.051441550255e-01
3.501523437500e+02 3.747478723526e-01
3.501533203125e+02 3.066781163216e-01
3.501542968750e+02 1.656044423580e-01
3.501552734375e+02 1.492175757885e-01
3.501562500000e+02 1.047199666500e-01
3.501572265625e+02 1.042848527431e-01
3.501582031250e+02 3.217854499817e-01
3.501591796875e+02 9.256622791290e-01
3.501601562500e+02 1.393006920815e+00
3.501611328125e+02 8.124620318413e-01
3.501621093750e+02 3.542862832546e-01
3.501630859375e+02 1.224205791950e-01
3.501640625000e+02 9.446391463280e-02
3.501650390625e+02 2.935894206166e-02
3.501660156250e+02 2.027268707752e-02
3.501669921875e+02 4.800155013800e-02
3.501679687500e+02 -6.007808446884e-02
3.501689453125e+02 -1.091319397092e-01
3.501699218750e+02 -1.531416624784e-01
3.501708984375e+02 -8.641331642866e-02
3.501718750000e+02 -1.407316923141e-01
3.501728515625e+02 -7.646328955889e-02
3.501738281250e+02 2.765725366771e-02
3.501748046875e+02 1.559628918767e-02
3.501757812500e+02 5.213797092438e-02
3.501767578125e+02 1.967774890363e-02
3.501777343750e+02 1.871962595033e-04
3.501787109375e+02 6.503102183342e-02
3.501796875000e+02 1.819078177214e-01
3.501806640625e+02 2.933631539345e-01
3.501816406250e+02 3.207220435143e-01
3.501826171875e+02 2.324400097132e-01
3.501835937500e+02 6.851677596569e-02
3.501845703125e+02 7.975313067436e-02
3.501855468750e+02 1.398188471794e-01
3.501865234375e+02 1.043338235468e-02
3.501875000000e+02 -8.082175999880e-02
3.501884765625e+02 -2.816159091890e-02
3.501894531250e+02 6.267262250185e-02
3.501904296875e+02 1.119877174497e-01
3.501914062500e+02 6.067115068436e-02
3.501923828125e+02 -2.430605888367e-02
3.501933593750e+02 2.091617882252e-02
3.501943359375e+02 -9.651808440685e-02
3.501953125000e+02 -1.064702868462e-01
3.501962890625e+02 -2.644569426775e-02
3.501972656250e+02 5.016978830099e-02
3.501982421875e+02 6.526301801205e-02
3.501992187500e+02 -2.836187556386e-02
3.502001953125e+02 -2.000850811601e-02
3.502011718750e+02 -5.461570993066e-02
3.502021484375e+02 3.601315245032e-02
3.502031250000e+02 4.576816689223e-03
3.502041015625e+02 2.436313778162e-02
3.502050781250e+02 6.554359197617e-02
3.502060546875e+02 3.520037606359e-02
3.502070312500e+02 1.768581718206e-01
3.502080078125e+02 5.337862297893e-02
3.502089843750e+02 -3.266326710582e-02
3.502099609375e+02 -1.001741439104e-01
3.502109375000e+02 -1.349107176065e-01
3.502119140625e+02 -3.495019674301e-02
3.502128906250e+02 -8.219245821238e-02
3.502138671875e+02 -6.186418607831e-02
3.502148437500e+02 1.108336895704e-01
3.502158203125e+02 1.581366658211e-01
3.502167968750e+02 2.717918902636e-02
3.502177734375e+02 -6.419488787651e-02
3.502187500000e+02 -1.942365616560e-02
3.502197265625e+02 1.032149195671e-01
3.502207031250e+02 1.027271002531e-01
3.502216796875e+02 1.263951510191e-02
3.502226562500e+02 1.060259491205e-01
3.502236328125e+02 4.199820011854e-02
3.502246093750e+02 3.649434819818e-02
3.502255859375e+02 2.028552591801e-01
3.502265930176e+02 2.921583056450e-01
3.502275695801e+02 2.446506470442e-01
3.502285461426e+02 1.033937782049e-01
3.502295227051e+02 2.800941094756e-02
3.502304992676e+02 -9.829029440880e-02
3.502314758301e+02 -8.533233404160e-02
3.502324523926e+02 -7.925345003605e-02
3.502334289551e+02 3.105233050883e-02
3.502344055176e+02 6.238467618823e-02
3.502353820801e+02 1.528612226248e-01
3.502363586426e+02 3.677856028080e-01
3.502373352051e+02 7.410291433334e-01
3.502383117676e+02 8.489414453506e-01
3.502392883301e+02 7.403272986412e-01
3.502402648926e+02 3.972952663898e-01
3.502412414551e+02 1.814612448215e-01
3.502422180176e+02 5.166773498058e-02
3.502431945801e+02 -1.060626208782e-01
3.502441711426e+02 -1.429191529751e-01
3.502451477051e+02 -8.807446807623e-02
3.502461242676e+02 -5.707862228155e-02
3.502471008301e+02 4.081187024713e-02
3.502480773926e+02 -4.872603807598e-03
3.502490539551e+02 -5.563393607736e-02
3.502500305176e+02 9.138589352369e-02
3.502510070801e+02 2.450273036957e-01
3.502519836426e+02 3.536436259747e-01
3.502529602051e+02 2.851604521275e-01
3.502539367676e+02 1.881039738655e-01
3.502549133301e+02 2.022052854300e-01
3.502558898926e+02 1.366423964500e-01
3.502568664551e+02 2.851804792881e-01
3.502578430176e+02 1.663220822811e-01
3.502588195801e+02 8.441829681396e-02
3.502597961426e+02 -8.235776796937e-03
3.502607727051e+02 -1.083718612790e-01
3.502617492676e+02 -1.079069226980e-01
3.502627258301e+02 -1.195835992694e-01
3.502637023926e+02 -3.883299976587e-02
3.502646789551e+02 -1.479270309210e-02
3.502656555176e+02 6.025523319840e-02
3.502666320801e+02 1.529347300529e-01
3.502676086426e+02 1.800322532654e-01
3.502685852051e+02 3.727076053619e-01
3.502695617676e+02 6.270192861557e-01
3.502705383301e+02 5.866869688034e-01
3.502715148926e+02 2.382997423410e-01
3.502724914551e+02 3.518539294600e-02
3.502734680176e+02 5.846248194575e-02
3.502744445801e+02 5.804838985205e-02
3.502754211426e+02 1.957376599312e-01
3.502763977051e+02 6.132419705391e-01
3.502773742676e+02 1.522692918777e+00
3.502783508301e+02 2.715997457504e+00
3.502793273926e+02 2.226524114609e+00
3.502803039551e+02 1.115567207336e+00
3.502812805176e+02 6.644549965858e-01
3.502822570801e+02 6.276549100876e-01
3.502832336426e+02 4.100124537945e-01
3.502842102051e+02 1.357991807163e-02
3.502851867676e+02 -4.555414617062e-02
3.502861633301e+02 -3.287874907255e-02
3.502871398926e+02 -3.019716031849e-02
3.502881164551e+02 8.070999383926e-02
3.502890930176e+02 6.093796808273e-03
3.502900695801e+02 -1.048803701997e-01
3.502910461426e+02 -1.187005192041e-01
3.502920227051e+02 -5.184746813029e-03
3.502929992676e+02 2.400159239769e-01
3.502939758301e+02 8.334485292435e-01
3.502949523926e+02 1.642993450165e+00
3.502959289551e+02 1.537648558617e+00
3.502969055176e+02 7.388238310814e-01
3.502978820801e+02 1.811489760876e-01
3.502988586426e+02 4.741622135043e-02
3.502998352051e+02 2.376698516309e-02
3.503008117676e+02 4.668340459466e-02
3.503017883301e+02 1.797911524773e-01
3.503027648926e+02 2.774690091610e-01
3.503037414551e+02 2.168807834387e-01
3.503047180176e+02 1.548491865396e-01
3.503056945801e+02 2.428184747696e-01
3.503066711426e+02 2.164634168148e-01
3.503076477051e+02 -1.272497978061e-02
3.503086242676e+02 -4.134408757091e-02
3.503096008301e+02 1.916572079062e-02
3.503105773926e+02 1.540340185165e-01
3.503115539551e+02 4.463559389114e-01
3.503125305176e+02 1.004081964493e+00
3.503135070801e+02 1.459580421448e+00
3.503144836426e+02 1.011296272278e+00
3.503154602051e+02 2.731270194054e-01
3.503164367676e+02 5.373116955161e-02
3.503174133301e+02 1.281399577856e-01
3.503183898926e+02 2.464244812727e-01
3.503193664551e+02 3.929841518402e-01
3.503203430176e+02 4.748876988888e-01
3.503213195801e+02 5.524957776070e-01
3.503222961426e+02 8.308319449425e-01
3.503232727051e+02 1.157996773720e+00
3.503242492676e+02 1.736194491386e+00
3.503252258301e+02 2.066375970840e+00
3.503262023926e+02 1.621456146240e+00
3.503271789551e+02 1.002299785614e+00
3.503281555176e+02 6.500201821327e-01
3.503291320801e+02 5.504329204559e-01
3.503301086426e+02 6.271940469742e-01
3.503310852051e+02 5.791876912117e-01
3.503320617676e+02 6.036766171455e-01
3.503330383301e+02 5.678439140320e-01
3.503340148926e+02 3.305157124996e-01
3.503349914551e+02 1.734865307808e-01
3.503359680176e+02 5.764870438725e-03
3.503369445801e+02 -4.180210828781e-02
3.503379211426e+02 -1.051606889814e-02
3.503388977051e+02 4.667457565665e-02
3.503398742676e+02 1.236008573323e-02
3.503408508301e+02 1.281702816486e-01
3.503418273926e+02 3.586519062519e-01
3.503428039551e+02 4.409539103508e-01
3.503437805176e+02 4.589460790157e-01
3.503447570801e+02 5.970534682274e-01
3.503457336426e+02 3.754081726074e-01
3.503467102051e+02 6.456832587719e-02
3.503476867676e+02 2.506420575082e-02
3.503486633301e+02 -4.679267108440e-02
3.503496398926e+02 2.057474106550e-02
3.503506164551e+02 1.376188397408e-01
3.503515930176e+02 2.610013484955e-01
3.503525695801e+02 5.528082847595e-01
3.503535461426e+02 1.183961510658e+00
3.503545227051e+02 2.749221563339e+00
3.503554992676e+02 2.788334846497e+00
3.503564758301e+02 1.907698273659e+00
3.503574523926e+02 1.214522004128e+00
3.503584289551e+02 4.025721848011e-01
3.503594055176e+02 7.932037115097e-02
3.503603820801e+02 7.463090866804e-02
3.503613586426e+02 8.949324488640e-02
3.503623352051e+02 5.483821406960e-02
3.503633117676e+02 1.159899053164e-03
3.503642883301e+02 4.957774654031e-02
3.503652648926e+02 9.476996958256e-03
3.503662414551e+02 5.252354592085e-02
3.503672180176e+02 1.245792135596e-01
3.503681945801e+02 2.079158276320e-01
3.503691711426e+02 2.412523031235e-01
3.503701477051e+02 3.996470868587e-01
3.503711242676e+02 6.660486459732e-01
3.503721008301e+02 7.243877053261e-01
3.503730773926e+02 2.909207046032e-01
3.503740539551e+02 -7.928812876344e-03
3.503750305176e+02 -9.869462251663e-02
3.503760070801e+02 -1.154345199466e-01
3.503769836426e+02 -1.009414494038e-01
3.503779602051e+02 -5.648843944073e-02
3.503789367676e+02 5.058843269944e-02
3.503799133301e+02 1.172101199627e-01
3.503808898926e+02 1.504392027855e-01
3.503818664551e+02 6.033165007830e-02
3.503828430176e+02 3.427638411522e-01
3.503838195801e+02 6.349246501923e-01
3.503847961426e+02 3.651641309261e-01
3.503857727051e+02 4.692775011063e-02
3.503867492676e+02 -7.109744846821e-02
3.503877258301e+02 -5.593679100275e-02
3.503887023926e+02 4.974479228258e-02
3.503896789551e+02 1.198663190007e-01
3.503906555176e+02 1.186725124717e-01
3.503916320801e+02 1.322491914034e-01
3.503926086426e+02 1.801682412624e-01
3.503935852051e+02 4.777675271034e-01
3.503945617676e+02 6.694702506065e-01
3.503955383301e+02 3.496014773846e-01
3.503965148926e+02 -8.508329279721e-03
3.503974914551e+02 -5.027555301785e-02
3.503984680176e+02 -5.417422205210e-02
3.503994445801e+02 -1.162833627313e-02
3.504004211426e+02 9.221307188272e-02
3.504013977051e+02 6.060733273625e-02
3.504023742676e+02 8.829111605883e-02
3.504033508301e+02 1.705517619848e-01
3.504043273926e+02 1.891031414270e-01
3.504053039551e+02 2.739527821541e-01
3.504062805176e+02 6.721596121788e-01
3.504072570801e+02 9.235137701035e-01
3.504082336426e+02 6.495248675346e-01
3.504092102051e+02 1.887749135494e-01
3.504101867676e+02 3.124944865704e-02
3.504111633301e+02 1.416971385479e-01
3.504121398926e+02 6.263573765755e-01
3.504131164551e+02 1.941675305367e+00
3.504140930176e+02 2.030010461807e+00
3.504150695801e+02 1.750768661499e+00
3.504160461426e+02 1.417779684067e+00
3.504170227051e+02 5.764125585556e-01
3.504179992676e+02 1.324299722910e-01
3.504189758301e+02 -4.461924731731e-02
3.504199523926e+02 2.917879726738e-03
3.504209289551e+02 2.008692026138e-01
3.504219055176e+02 6.369761228561e-01
3.504228820801e+02 1.140832066536e+00
3.504238586426e+02 8.483903408051e-01
3.504248352051e+02 2.412654906511e-01
3.504258117676e+02 -1.043129935861e-01
3.504267883301e+02 -9.037439525127e-02
3.504277648926e+02 -1.456833630800e-01
3.504287414551e+02 -9.793852269650e-02
3.504297180176e+02 -1.484656929970e-01
3.504306945801e+02 -5.659127235413e-02
3.504316711426e+02 1.173583343625e-01
3.504326477051e+02 5.116189718246e-01
3.504336242676e+02 1.667761802673e+00
3.504346008301e+02 1.790968537331e+00
3.504355773926e+02 1.371559262276e+00
3.504365539551e+02 1.837023735046e+00
3.504375305176e+02 3.165174245834e+00
3.504385070801e+02 2.745980739594e+00
3.504394836426e+02 1.229332804680e+00
3.504404602051e+02 9.375209808350e-01
3.504414367676e+02 1.304889798164e+00
3.504424133301e+02 1.017742276192e+00
3.504433898926e+02 7.114000320435e-01
3.504443664551e+02 1.359730839729e+00
3.504453430176e+02 2.943767070770e+00
3.504463195801e+02 2.588379383087e+00
3.504472961426e+02 1.214257121086e+00
3.504482727051e+02 9.646322131157e-01
3.504492492676e+02 1.726044535637e+00
3.504502258301e+02 1.279166340828e+00
3.504512023926e+02 4.006505310535e-01
3.504521789551e+02 3.856742009521e-02
3.504531555176e+02 -3.216469287872e-02
3.504541320801e+02 4.782003164291e-02
3.504551086426e+02 1.548149287701e-01
3.504560852051e+02 4.432402253151e-01
3.504570617676e+02 1.264653325081e+00
3.504580383301e+02 1.668174624443e+00
3.504590148926e+02 1.930809259415e+00
3.504599914551e+02 1.272201776505e+00
3.504609680176e+02 3.854992091656e-01
3.504619445801e+02 3.464278997853e-03
3.504629211426e+02 -5.910808965564e-02
3.504638977051e+02 -1.323564201593e-01
3.504648742676e+02 -1.546848416328e-01
3.504658508301e+02 -1.254082322121e-01
3.504668273926e+02 -5.814288184047e-02
3.504678039551e+02 -4.324639588594e-02
3.504687805176e+02 -4.688991978765e-02
3.504697570801e+02 -8.383756875992e-02
3.504707336426e+02 -1.086897328496e-01
3.504717102051e+02 -2.474432997406e-02
3.504726867676e+02 8.220032602549e-02
3.504736633301e+02 3.035191595554e-01
3.504746398926e+02 3.707374036312e-01
3.504756164551e+02 2.939884662628e-01
3.504765930176e+02 4.816051423550e-01
3.504775695801e+02 8.719716072083e-01
3.504785461426e+02 6.363302469254e-01
3.504795227051e+02 1.500784605742e-01
3.504804992676e+02 -2.628758177161e-02
3.504814758301e+02 -1.381425857544e-01
3.504824523926e+02 -1.678231209517e-01
3.504834289551e+02 -1.561946272850e-01
3.504844055176e+02 -6.848134100437e-02
3.504853820801e+02 -6.785554438829e-02
3.504863586426e+02 -2.712198533118e-02
3.504873352051e+02 -3.415108099580e-02
3.504883117676e+02 -3.840149566531e-02
3.504892883301e+02 1.300599575043e-01
3.504902648926e+02 2.282954752445e-01
3.504912414551e+02 4.177272617817e-01
3.504922180176e+02 7.065384387970e-01
3.504931945801e+02 7.383862733841e-01
3.504941711426e+02 6.863954663277e-01
3.504951477051e+02 7.190973162651e-01
3.504961242676e+02 5.656616091728e-01
3.504971008301e+02 3.987417519093e-01
3.504980773926e+02 8.977081775665e-01
3.504990539551e+02 1.269310951233e+00
3.505000305176e+02 7.086339592934e-01
3.505010070801e+02 3.099404275417e-01
3.505019836426e+02 1.700576990843e-01
3.505029602051e+02 3.242700695992e-01
3.505039367676e+02 3.241863548756e-01
3.505049133301e+02 1.958418935537e-01
3.505058898926e+02 1.154542043805e-01
3.505068664551e+02 -3.392321988940e-02
3.505078430176e+02 -4.731628298759e-02
3.505088195801e+02 4.687216505408e-02
3.505097961426e+02 1.367391943932e-01
3.505107727051e+02 4.007017612457e-02
3.505117492676e+02 7.346733659506e-02
3.505127258301e+02 1.405657529831e-01
3.505137023926e+02 1.130736321211e-01
3.505146789551e+02 1.486446708441e-01
3.505156555176e+02 2.885296344757e-01
3.505166320801e+02 3.631936907768e-01
3.505176086426e+02 5.265811681747e-01
3.505185852051e+02 2.813469171524e-01
3.505195922852e+02 -7.547573745251e-02
3.505205688477e+02 -1.302281320095e-01
3.505215454102e+02 -7.596965134144e-02
3.505225219727e+02 9.248071908951e-02
3.505234985352e+02 4.808049499989e-01
3.505244750977e+02 7.900717258453e-01
3.505254516602e+02 1.173357844353e+00
3.505264282227e+02 1.486893415451e+00
3.505274047852e+02 8.737503290176e-01
3.505283813477e+02 2.766380906105e-01
3.505293579102e+02 7.018583267927e-02
3.505303344727e+02 -3.713824599981e-02
3.505313110352e+02 2.845957316458e-02
3.505322875977e+02 7.594122737646e-02
3.505332641602e+02 2.784520685673e-01
3.505342407227e+02 7.124085426331e-01
3.505352172852e+02 9.600006341934e-01
3.505361938477e+02 7.291836142540e-01
3.505371704102e+02 2.578824162483e-01
3.505381469727e+02 -1.973017677665e-02
3.505391235352e+02 -5.242937803268e-02
3.505401000977e+02 1.289400458336e-01
3.505410766602e+02 4.817922413349e-01
3.505420532227e+02 7.911006212234e-01
3.505430297852e+02 9.714188575745e-01
3.505440063477e+02 1.328316569328e+00
3.505449829102e+02 1.174960970879e+00
3.505459594727e+02 1.195964694023e+00
3.505469360352e+02 1.153689146042e+00
3.505479125977e+02 8.181185722351e-01
3.505488891602e+02 4.281973540783e-01
3.505498657227e+02 1.645756959915e-01
3.505508422852e+02 9.620898962021e-02
3.505518188477e+02 -1.410943083465e-02
3.505527954102e+02 2.658622339368e-02
3.505537719727e+02 -3.784377500415e-02
3.505547485352e+02 -1.238423362374e-01
3.505557250977e+02 -9.202811121941e-02
3.505567016602e+02 -3.504621237516e-02
3.505576782227e+02 5.078919231892e-02
3.505586547852e+02 1.645427010953e-02
3.505596313477e+02 -3.491432592273e-02
3.505606079102e+02 2.026370353997e-02
3.505615844727e+02 1.736885607243e-01
3.505625610352e+02 9.032589197159e-01
3.505635375977e+02 1.572295427322e+00
3.505645141602e+02 1.346299052238e+00
3.505654907227e+02 7.272698879242e-01
3.505664672852e+02 1.979226768017e-01
3.505674438477e+02 -6.184809282422e-02
3.505684204102e+02 -2.701554447412e-02
3.505693969727e+02 -2.812782116234e-02
3.505703735352e+02 4.805575683713e-02
3.505713500977e+02 -6.079025566578e-02
3.505723266602e+02 -6.035460531712e-02
3.505733032227e+02 3.734574466944e-02
3.505742797852e+02 3.603762015700e-02
3.505752563477e+02 5.798804014921e-02
3.505762329102e+02 2.428670972586e-01
3.505772094727e+02 5.947099328041e-01
3.505781860352e+02 4.890456199646e-01
3.505791625977e+02 1.927817910910e-01
3.505801391602e+02 4.387057572603e-02
3.505811157227e+02 -2.971762232482e-02
3.505820922852e+02 -9.255975484848e-02
3.505830688477e+02 -1.111553832889e-01
3.505840454102e+02 -2.873023040593e-03
3.505850219727e+02 5.933557152748e-01
3.505859985352e+02 8.689165115356e-01
3.505869750977e+02 4.866998493671e-01
3.505879516602e+02 7.811384275556e-03
3.505889282227e+02 -8.300282806158e-02
3.505899047852e+02 -1.247356645763e-02
3.505908813477e+02 9.910333901644e-02
3.505918579102e+02 3.550524115562e-01
3.505928344727e+02 7.958750724792e-01
3.505938110352e+02 1.280734777451e+00
3.505947875977e+02 1.149542212486e+00
3.505957641602e+02 4.344933629036e-01
3.505967407227e+02 4.770849645138e-02
3.505977172852e+02 -8.693411946297e-02
3.505986938477e+02 -5.060203000903e-02
3.505996704102e+02 -1.362859457731e-02
3.506006469727e+02 1.158834248781e-01
3.506016235352e+02 8.611108362675e-02
3.506026000977e+02 1.138667389750e-01
3.506035766602e+02 1.382735818624e-01
3.506045532227e+02 6.436955928802e-02
3.506055297852e+02 -4.307846724987e-02
3.506065063477e+02 4.038422554731e-02
3.506074829102e+02 2.193909734488e-01
3.506084594727e+02 1.981784254313e-01
3.506094360352e+02 1.739200353622e-01
3.506104125977e+02 2.799773216248e-01
3.506113891602e+02 7.803944945335e-01
3.506123657227e+02 1.019802093506e+00
3.506133422852e+02 4.526458680630e-01
3.506143188477e+02 6.453213840723e-02
3.506152954102e+02 1.064487993717e-01
3.506162719727e+02 6.196141839027e-01
3.506172485352e+02 1.118530154228e+00
3.506182250977e+02 7.920500636101e-01
3.506192016602e+02 3.518778979778e-01
3.506201782227e+02 4.841349124908e-01
3.506211547852e+02 1.205727696419e+00
3.506221313477e+02 1.907444953918e+00
3.506231079102e+02 3.281496286392e+00
3.506240844727e+02 3.250965833664e+00
3.506250610352e+02 1.531008481979e+00
3.506260375977e+02 6.158353686333e-01
3.506270141602e+02 9.768996238708e-01
3.506279907227e+02 9.605446457863e-01
3.506289672852e+02 3.663751482964e-01
3.506299438477e+02 1.423541754484e-01
3.506309204102e+02 -8.895324543118e-03
3.506318969727e+02 2.735943906009e-02
3.506328735352e+02 1.758083105087e-01
3.506338500977e+02 3.732318878174e-01
3.506348266602e+02 8.419448733330e-01
3.506358032227e+02 1.401002407074e+00
3.506367797852e+02 1.936400413513e+00
3.506377563477e+02 2.005628108978e+00
3.506387329102e+02 1.857580542564e+00
3.506397094727e+02 1.444925665855e+00
3.506406860352e+02 5.559006929398e-01
3.506416625977e+02 5.473430454731e-02
3.506426391602e+02 -7.303293049335e-02
3.506436157227e+02 -5.383367091417e-02
3.506445922852e+02 -6.548146158457e-02
3.506455688477e+02 2.112987935543e-01
3.506465454102e+02 8.632252216339e-01
3.506475219727e+02 6.703117489815e-01
3.506484985352e+02 1.179261505604e-01
3.506494750977e+02 -1.205116063356e-01
3.506504516602e+02 -1.075336709619e-01
3.506514282227e+02 -3.366560861468e-02
3.506524047852e+02 -1.450656205416e-01
3.506533813477e+02 -1.625428795815e-01
3.506543579102e+02 -1.171988919377e-01
3.506553344727e+02 -5.193128064275e-02
3.506563110352e+02 -5.360844358802e-02
3.506572875977e+02 -1.098868623376e-02
3.506582641602e+02 -8.044616878033e-02
3.506592407227e+02 -5.450898036361e-02
3.506602172852e+02 -2.639745362103e-02
3.506611938477e+02 -2.176850289106e-02
3.506621704102e+02 8.698002249002e-02
3.506631469727e+02 4.665120244026e-01
3.506641235352e+02 6.302052736282e-01
3.506651000977e+02 4.001159667969e-01
3.506660766602e+02 1.627037376165e-01
3.506670532227e+02 9.671859443188e-02
3.506680297852e+02 5.660314112902e-02
3.506690063477e+02 1.517253462225e-02
3.506699829102e+02 -1.002972871065e-01
3.506709594727e+02 2.548948116601e-02
3.506719360352e+02 1.769348978996e-01
3.506729125977e+02 7.358841896057e-01
3.506738891602e+02 8.147034049034e-01
3.506748657227e+02 5.085053443909e-01
3.506758422852e+02 5.130813121796e-01
3.506768188477e+02 1.044773221016e+00
3.506777954102e+02 1.754102587700e+00
3.506787719727e+02 1.886054873466e+00
3.506797485352e+02 3.993679285049e+00
3.506807250977e+02 3.650760650635e+00
3.506817016602e+02 1.894405007362e+00
3.506826782227e+02 8.485267758369e-01
3.506836547852e+02 4.036656022072e-01
3.506846313477e+02 1.042722612619e-01
3.506856079102e+02 -3.065758384764e-02
3.506865844727e+02 4.709032550454e-02
3.506875610352e+02 2.618940733373e-02
3.506885375977e+02 -3.035994432867e-02
3.506895141602e+02 -1.247334703803e-01
3.506904907227e+02 -1.769528687000e-01
3.506914672852e+02 -1.846432387829e-01
3.506924438477e+02 -3.781195357442e-02
3.506934204102e+02 1.348987221718e-01
3.506943969727e+02 5.167229771614e-01
3.506953735352e+02 9.607343673706e-01
3.506963500977e+02 5.869199037552e-01
3.506973266602e+02 5.237573385239e-02
3.506983032227e+02 -7.744020968676e-02
3.506992797852e+02 -5.867885798216e-02
3.507002563477e+02 -5.914242193103e-02
3.507012329102e+02 -4.765589907765e-02
3.507022094727e+02 -7.407393306494e-02
3.507031860352e+02 -1.506345868111e-01
3.507041625977e+02 -1.868063807487e-01
3.507051391602e+02 -1.640218645334e-01
3.507061157227e+02 -9.804660081863e-02
3.507070922852e+02 -9.959320724010e-02
3.507080688477e+02 -1.903770118952e-01
3.507090454102e+02 -1.382458657026e-01
3.507100219727e+02 -6.807495653629e-02
3.507109985352e+02 -1.345991343260e-01
3.507119750977e+02 -6.525111198425e-02
3.507129516602e+02 1.483451947570e-02
3.507139282227e+02 3.345194160938e-01
3.507149047852e+02 9.258159399033e-01
3.507158813477e+02 1.369905591011e+00
3.507168579102e+02 8.960296511650e-01
3.507178344727e+02 6.310295462608e-01
3.507188110352e+02 9.120340943336e-01
3.507197875977e+02 7.895023822784e-01
3.507207641602e+02 2.271630764008e-01
3.507217407227e+02 3.963712230325e-02
3.507227172852e+02 4.574067890644e-03
3.507236938477e+02 1.656046211720e-01
3.507246704102e+02 1.462245434523e-01
3.507256469727e+02 7.845652103424e-02
3.507266235352e+02 6.125696003437e-02
3.507276000977e+02 1.194656081498e-02
3.507285766602e+02 -3.356958553195e-02
3.507295532227e+02 8.255082368851e-02
3.507305297852e+02 3.739175796509e-01
3.507315063477e+02 9.150575995445e-01
3.507324829102e+02 8.240191936493e-01
3.507334594727e+02 4.665705561638e-01
3.507344360352e+02 2.931270599365e-01
3.507354125977e+02 1.968973278999e-01
3.507363891602e+02 2.213147878647e-01
3.507373657227e+02 3.643510937691e-01
3.507383422852e+02 4.466015398502e-01
3.507393188477e+02 3.524232208729e-01
3.507402954102e+02 1.953627020121e-01
3.507412719727e+02 8.921234309673e-02
3.507422485352e+02 -3.591118752956e-02
3.507432250977e+02 -1.007009670138e-01
3.507442016602e+02 -2.451319433749e-02
3.507451782227e+02 6.099386513233e-02
3.507461547852e+02 1.490408629179e-01
3.507471313477e+02 2.600656449795e-01
3.507481079102e+02 3.734124600887e-01
3.507490844727e+02 5.251476168633e-01
3.507500610352e+02 8.824511170387e-01
3.507510375977e+02 2.458451032639e+00
3.507520141602e+02 2.458994150162e+00
3.507529907227e+02 1.821640610695e+00
3.507539672852e+02 9.781637787819e-01
3.507549438477e+02 2.455496788025e-01
3.507559204102e+02 -5.949804931879e-02
3.507568969727e+02 -4.436323046684e-02
3.507578735352e+02 -1.374511048198e-02
3.507588500977e+02 -1.391247659922e-01
3.507598266602e+02 -1.049117669463e-01
3.507608032227e+02 -2.862614113837e-03
3.507617797852e+02 3.098514489830e-02
3.507627563477e+02 4.758347570896e-02
3.507637329102e+02 5.770435556769e-03
3.507647094727e+02 4.749529361725e-01
3.507656860352e+02 6.179617047310e-01
3.507666625977e+02 4.745015203953e-01
3.507676391602e+02 4.512051939964e-01
3.507686157227e+02 2.114049643278e-01
3.507695922852e+02 1.367127057165e-02
3.507705688477e+02 -1.478665173054e-01
3.507715454102e+02 -2.052088081837e-01
3.507725219727e+02 -1.060288548470e-01
3.507734985352e+02 3.775784000754e-02
3.507744750977e+02 2.430227100849e-01
3.507754516602e+02 3.567581474781e-01
3.507764282227e+02 3.408318161964e-01
3.507774047852e+02 2.054357975721e-01
3.507783813477e+02 -1.095111388713e-02
3.507793579102e+02 -6.788618862629e-02
3.507803344727e+02 -6.873977929354e-02
3.507813110352e+02 1.904044486582e-02
3.507822875977e+02 1.767630577087e-01
3.507832641602e+02 4.132793471217e-02
3.507842407227e+02 -4.724552482367e-02
3.507852172852e+02 -1.048748474568e-02
3.507861938477e+02 -1.227163895965e-02
3.507871704102e+02 -8.813318610191e-02
3.507881469727e+02 -1.273961514235e-01
3.507891235352e+02 -9.445425122976e-02
3.507901000977e+02 -8.041796833277e-02
3.507910766602e+02 -5.247262492776e-02
3.507920532227e+02 -3.180254623294e-02
3.507930297852e+02 -9.680864214897e-02
3.507940063477e+02 -1.563540399075e-01
3.507949829102e+02 -1.167357712984e-01
3.507959594727e+02 -7.843056321144e-02
3.507969360352e+02 -2.461718162522e-03
3.507979125977e+02 3.044032305479e-02
3.507988891602e+02 3.719365298748e-01
3.507998657227e+02 1.017686843872e+00
3.508008422852e+02 2.501438379288e+00
3.508018188477e+02 2.235879898071e+00
3.508027954102e+02 8.420167565346e-01
3.508037719727e+02 1.721004247665e-01
3.508047485352e+02 -2.257926389575e-02
3.508057250977e+02 -9.063658863306e-02
3.508067016602e+02 1.574707962573e-02
3.508076782227e+02 -1.182500086725e-02
3.508086547852e+02 -3.835001587868e-02
3.508096313477e+02 4.301531985402e-02
3.508106079102e+02 2.004393041134e-01
3.508115844727e+02 7.021224498749e-02
3.508125915527e+02 7.157226651907e-02
3.508135681152e+02 3.880476206541e-02
3.508145446777e+02 -8.107924461365e-02
3.508155212402e+02 -6.404394656420e-02
3.508164978027e+02 -5.147353559732e-02
3.508174743652e+02 5.689106136560e-02
3.508184509277e+02 6.872844696045e-02
3.508194274902e+02 1.086233630776e-01
3.508204040527e+02 1.173145025969e-01
3.508213806152e+02 1.024871915579e-01
3.508223571777e+02 5.425408482552e-02
3.508233337402e+02 6.185592617840e-03
3.508243103027e+02 5.293205007911e-02
3.508252868652e+02 9.552729129791e-02
3.508262634277e+02 6.425336748362e-02
3.508272399902e+02 1.761838048697e-02
3.508282165527e+02 -2.462472394109e-02
3.508291931152e+02 6.303180009127e-02
3.508301696777e+02 1.413761675358e-01
3.508311462402e+02 2.003916203976e-01
3.508321228027e+02 4.163268804550e-01
3.508330993652e+02 7.634363174438e-01
3.508340759277e+02 1.431063175201e+00
3.508350524902e+02 1.815029382706e+00
3.508360290527e+02 1.326769113541e+00
3.508370056152e+02 7.686591744423e-01
3.508379821777e+02 3.016735017300e-01
3.508389587402e+02 7.818046212196e-02
3.508399353027e+02 2.528618834913e-02
3.508409118652e+02 2.031781375408e-01
3.508418884277e+02 6.100410819054e-01
3.508428649902e+02 8.031093478203e-01
3.508438415527e+02 7.259803414345e-01
3.508448181152e+02 3.149691224098e-01
3.508457946777e+02 2.420958876610e-02
3.508467712402e+02 -2.862071245909e-02
3.508477478027e+02 -1.091972365975e-01
3.508487243652e+02 -5.392330884933e-02
3.508497009277e+02 8.056879043579e-02
3.508506774902e+02 2.421527504921e-01
3.508516540527e+02 3.564518392086e-01
3.508526306152e+02 4.319550395012e-01
3.508536071777e+02 6.135231852531e-01
3.508545837402e+02 5.670875310898e-01
3.508555603027e+02 3.804585635662e-01
3.508565368652e+02 3.961727321148e-01
3.508575134277e+02 5.664966702461e-01
3.508584899902e+02 5.436269044876e-01
3.508594665527e+02 2.368409335613e-01
3.508604431152e+02 -1.192271895707e-02
3.508614196777e+02 -5.838060751557e-02
3.508623962402e+02 -5.815754458308e-02
3.508633728027e+02 -6.517386063933e-03
3.508643493652e+02 -2.465685084462e-02
3.508653259277e+02 3.064141049981e-02
3.508663024902e+02 -7.291503995657e-02
3.508672790527e+02 -7.796429097652e-02
3.508682556152e+02 1.128530688584e-02
3.508692321777e+02 6.973065435886e-02
3.508702087402e+02 8.952398598194e-02
3.508711853027e+02 4.641972854733e-02
3.508721618652e+02 1.173424497247e-01
3.508731384277e+02 2.787831127644e-01
3.508741149902e+02 3.879679739475e-01
3.508750915527e+02 3.932355344296e-01
3.508760681152e+02 2.489268630743e-01
3.508770446777e+02 9.078203886747e-02
3.508780212402e+02 1.370763927698e-01
3.508789978027e+02 2.827531695366e-01
3.508799743652e+02 4.325475990772e-01
3.508809509277e+02 6.254050731659e-01
3.508819274902e+02 5.130816102028e-01
3.508829040527e+02 2.989842295647e-01
3.508838806152e+02 1.250097304583e-01
3.508848571777e+02 3.130728751421e-02
3.508858337402e+02 1.356348022819e-02
3.508868103027e+02 -3.576338291168e-02
3.508877868652e+02 -1.406194567680e-01
3.508887634277e+02 -7.322610914707e-02
3.508897399902e+02 -7.099914550781e-02
3.508907165527e+02 -1.725339144468e-02
3.508916931152e+02 1.761512458324e-02
3.508926696777e+02 1.908074170351e-01
3.508936462402e+02 6.573058962822e-01
3.508946228027e+02 1.451217412949e+00
3.508955993652e+02 -4.967255592346e-01
3.508965759277e+02 -2.176650017500e-01
3.508975524902e+02 4.344989299774e+00
3.508985290527e+02 3.017676353455e+00
3.508995056152e+02 1.138161420822e+00
3.509004821777e+02 2.813640236855e-01
3.509014587402e+02 1.319387257099e-01
3.509024353027e+02 1.422469764948e-01
3.509034118652e+02 3.431143462658e-01
3.509043884277e+02 4.229409098625e-01
3.509053649902e+02 3.338965177536e-01
3.509063415527e+02 4.582589268684e-01
3.509073181152e+02 1.442544698715e+00
3.509082946777e+02 2.611711025238e+00
3.509092712402e+02 1.743185639381e+00
3.509102478027e+02 1.326504349709e+00
3.509112243652e+02 2.073774576187e+00
3.509122009277e+02 1.453667521477e+00
3.509131774902e+02 4.758445024490e-01
3.509141540527e+02 5.042734742165e-02
3.509151306152e+02 -1.923473738134e-02
3.509161071777e+02 3.702981397510e-02
3.509170837402e+02 1.781201213598e-01
3.509180603027e+02 3.821574449539e-01
3.509190368652e+02 4.157787561417e-01
3.509200134277e+02 1.688202619553e-01
3.509209899902e+02 2.884624153376e-02
3.509219665527e+02 3.581028059125e-02
3.509229431152e+02 3.180105006322e-03
3.509239196777e+02 -2.618176676333e-02
3.509248962402e+02 7.373074186035e-04
3.509258728027e+02 1.482975482941e-02
3.509268493652e+02 -7.640497386456e-02
3.509278259277e+02 -9.142024815083e-02
3.509288024902e+02 -3.501240164042e-02
3.509297790527e+02 3.434618934989e-02
3.509307556152e+02 3.061752617359e-01
3.509317321777e+02 1.148372173309e+00
3.509327087402e+02 1.515966057777e+00
3.509336853027e+02 7.455231547356e-01
3.509346618652e+02 3.105955123901e-01
3.509356384277e+02 5.120182037354e-01
3.509366149902e+02 1.123072385788e+00
3.509375915527e+02 1.131301641464e+00
3.509385681152e+02 1.697788357735e+00
3.509395446777e+02 2.091182231903e+00
3.509405212402e+02 9.991469979286e-01
3.509414978027e+02 1.035453602672e-01
3.509424743652e+02 -8.889327198267e-02
3.509434509277e+02 -8.853432536125e-02
3.509444274902e+02 -5.514185875654e-02
3.509454040527e+02 -6.355075165629e-03
3.509463806152e+02 -6.592974066734e-02
3.509473571777e+02 -8.441971987486e-02
3.509483337402e+02 1.563099212945e-02
3.509493103027e+02 7.998971641064e-02
3.509502868652e+02 9.122953750193e-03
3.509512634277e+02 -8.111996576190e-03
3.509522399902e+02 -3.050841391087e-02
3.509532165527e+02 -2.113065123558e-02
3.509541931152e+02 -6.689509842545e-03
3.509551696777e+02 8.959950506687e-02
3.509561462402e+02 2.065292596817e-01
3.509571228027e+02 3.144257888198e-02
3.509580993652e+02 1.771866083145e-01
3.509590759277e+02 5.414945483208e-01
3.509600524902e+02 4.501531124115e-01
3.509610290527e+02 7.056654989719e-02
3.509620056152e+02 -1.176030784845e-01
3.509629821777e+02 -1.578562110662e-01
3.509639587402e+02 -7.394318282604e-02
3.509649353027e+02 -4.738288000226e-02
3.509659118652e+02 -1.085159108043e-01
3.509668884277e+02 -4.880345612764e-02
3.509678649902e+02 1.676179841161e-02
3.509688415527e+02 5.806583445519e-03
3.509698181152e+02 -3.500042855740e-02
3.509707946777e+02 -1.344689130783e-01
3.509717712402e+02 -1.532311290503e-01
3.509727478027e+02 -1.823323369026e-01
3.509737243652e+02 -7.830541580915e-02
3.509747009277e+02 2.571146376431e-02
3.509756774902e+02 9.873556345701e-02
3.509766540527e+02 7.546550780535e-02
3.509776306152e+02 1.376639604568e-01
3.509786071777e+02 1.306707561016e-01
3.509795837402e+02 -2.258810028434e-02
3.509805603027e+02 -1.031339019537e-01
3.509815368652e+02 -9.398040175438e-02
3.509825134277e+02 1.607676222920e-02
3.509834899902e+02 1.113057285547e-01
3.509844665527e+02 2.930682301521e-01
3.509854431152e+02 4.584645926952e-01
3.509864196777e+02 3.865492045879e-01
3.509873962402e+02 3.124626576900e-01
3.509883728027e+02 6.185216903687e-01
3.509893493652e+02 1.608012557030e+00
3.509903259277e+02 1.627762675285e+00
3.509913024902e+02 5.796256065369e-01
3.509922790527e+02 8.542542904615e-02
3.509932556152e+02 -6.971158832312e-02
3.509942321777e+02 -6.395627558231e-02
3.509952087402e+02 2.596439979970e-02
3.509961853027e+02 5.253329500556e-02
3.509971618652e+02 2.055886015296e-02
3.509981384277e+02 4.059595242143e-02
3.509991149902e+02 1.407663524151e-01
3.510000915527e+02 2.425012588501e-01
3.510010681152e+02 1.224977225065e-01
3.510020446777e+02 9.972781687975e-02
3.510030212402e+02 2.423628270626e-01
3.510039978027e+02 5.991216897964e-01
3.510049743652e+02 3.998606503010e-01
3.510059509277e+02 4.450241327286e-01
3.510069274902e+02 1.252657890320e+00
3.510079040527e+02 1.837673425674e+00
3.510088806152e+02 9.002917408943e-01
3.510098571777e+02 2.195903062820e-01
3.510108337402e+02 8.808923512697e-02
3.510118103027e+02 -2.782749012113e-02
3.510127868652e+02 -4.259229451418e-02
3.510137634277e+02 4.125018045306e-02
3.510147399902e+02 2.188532352448e-01
3.510157165527e+02 1.341766417027e-01
3.510166931152e+02 9.574498236179e-02
3.510176696777e+02 9.031944721937e-02
3.510186462402e+02 2.821067869663e-01
3.510196228027e+02 7.749633789062e-01
3.510205993652e+02 8.377205133438e-01
3.510215759277e+02 4.039071798325e-01
3.510225524902e+02 6.107932329178e-02
3.510235290527e+02 4.453911259770e-02
3.510245056152e+02 1.901779025793e-01
3.510254821777e+02 3.355630040169e-01
3.510264587402e+02 2.849532365799e-01
3.510274353027e+02 1.159098073840e-01
3.510284118652e+02 4.878021776676e-02
3.510293884277e+02 4.552322253585e-02
3.510303649902e+02 -9.859282523394e-03
3.510313415527e+02 1.260030269623e-01
3.510323181152e+02 5.581491440535e-02
3.510332946777e+02 2.963320165873e-02
3.510342712402e+02 4.040126129985e-02
3.510352478027e+02 3.707094192505e-01
3.510362243652e+02 7.912362813950e-01
3.510372009277e+02 8.326275944710e-01
3.510381774902e+02 4.463661015034e-01
3.510391540527e+02 2.127383798361e-01
3.510401306152e+02 5.146042704582e-01
3.510411071777e+02 7.495822310448e-01
3.510420837402e+02 4.814362823963e-01
3.510430603027e+02 3.208976089954e-01
3.510440368652e+02 3.536527454853e-01
3.510450134277e+02 3.314474225044e-01
3.510459899902e+02 1.397239267826e-01
3.510469665527e+02 6.484784930944e-02
3.510479431152e+02 2.144852280617e-01
3.510489196777e+02 8.877802640200e-02
3.510498962402e+02 -1.550403423607e-02
3.510508728027e+02 -9.108591824770e-02
3.510518493652e+02 -7.965628057718e-02
3.510528259277e+02 -1.183827687055e-02
3.510538024902e+02 -7.266268879175e-02
3.510547790527e+02 -2.188949286938e-01
3.510557556152e+02 -1.120717301965e-01
3.510567321777e+02 6.370723247528e-02
3.510577087402e+02 2.243885993958e-01
3.510586853027e+02 2.251181602478e-01
3.510596618652e+02 1.687004566193e-01
3.510606384277e+02 8.820085227489e-02
3.510616149902e+02 2.996779792011e-02
3.510625915527e+02 1.781962811947e-02
3.510635681152e+02 1.205585375428e-01
3.510645446777e+02 2.480243742466e-01
3.510655212402e+02 1.658895015717e-01
3.510664978027e+02 -3.362063318491e-02
3.510674743652e+02 -4.895085841417e-02
3.510684509277e+02 1.169456751086e-03
3.510694274902e+02 -8.235000818968e-02
3.510704040527e+02 -1.591999530792e-01
3.510713806152e+02 -1.624448150396e-01
3.510723571777e+02 -6.942968815565e-02
3.510733337402e+02 -3.796040639281e-02
3.510743103027e+02 2.128881961107e-01
3.510752868652e+02 4.259502589703e-01
3.510762634277e+02 1.953538358212e-01
3.510772399902e+02 -7.379239052534e-02
3.510782165527e+02 -7.922743260860e-02
3.510791931152e+02 -5.540552735329e-02
3.510801696777e+02 -6.846041232347e-02
3.510811462402e+02 -5.160354077816e-02
3.510821228027e+02 -4.411343112588e-02
3.510830993652e+02 3.121877089143e-02
3.510840759277e+02 6.668077409267e-02
3.510850524902e+02 1.099826022983e-02
3.510860290527e+02 -1.041062176228e-01
3.510870056152e+02 -1.886413395405e-01
3.510879821777e+02 -1.708180904388e-01
3.510889587402e+02 -1.564331203699e-01
3.510899353027e+02 -1.868848949671e-01
3.510909118652e+02 -1.085525378585e-01
3.510918884277e+02 -1.264371126890e-01
3.510928649902e+02 -8.068433403969e-02
3.510938415527e+02 3.742327541113e-02
3.510948181152e+02 1.071711480618e-01
3.510957946777e+02 5.406486988068e-01
3.510967712402e+02 7.948387861252e-01
3.510977478027e+02 4.863358736038e-01
3.510987243652e+02 1.097390279174e-01
3.510997009277e+02 -1.123517230153e-01
3.511006774902e+02 -1.718203127384e-01
3.511016540527e+02 -2.534036636353e-01
3.511026306152e+02 -2.017567753792e-01
3.511036071777e+02 -1.605121642351e-01
3.511045837402e+02 -6.108691915870e-02
3.511055908203e+02 -4.484198987484e-02
3.511065673828e+02 -1.839716881514e-01
3.511075439453e+02 -6.438539922237e-02
3.511085205078e+02 2.136548757553e-01
3.511094970703e+02 7.261562943459e-01
3.511104736328e+02 1.514841437340e+00
3.511114501953e+02 1.141181588173e+00
3.511124267578e+02 4.341807961464e-01
3.511134033203e+02 1.251449435949e-01
3.511143798828e+02 -8.136712014675e-02
3.511153564453e+02 -1.069537177682e-01
3.511163330078e+02 -1.444151699543e-01
3.511173095703e+02 -1.262509375811e-01
3.511182861328e+02 -1.500704139471e-01
3.511192626953e+02 -1.569505035877e-02
3.511202392578e+02 -7.812847942114e-02
3.511212158203e+02 -1.761762052774e-01
3.511221923828e+02 -1.918862015009e-01
3.511231689453e+02 -1.341361254454e-01
3.511241455078e+02 -1.193635761738e-01
3.511251220703e+02 -1.322597265244e-01
3.511260986328e+02 -4.562615975738e-02
3.511270751953e+02 -6.724835187197e-02
3.511280517578e+02 -6.088373064995e-02
3.511290283203e+02 -3.444621711969e-02
3.511300048828e+02 -3.059145435691e-02
3.511309814453e+02 6.054538860917e-02
3.511319580078e+02 2.169228196144e-01
3.511329345703e+02 1.227549016476e-01
3.511339111328e+02 -6.944859027863e-02
3.511348876953e+02 -1.019982993603e-01
3.511358642578e+02 -8.811004459858e-02
3.511368408203e+02 -9.080385416746e-02
3.511378173828e+02 -1.439967006445e-01
3.511387939453e+02 -8.671730011702e-02
3.511397705078e+02 -5.991222336888e-02
3.511407470703e+02 -4.375338926911e-02
3.511417236328e+02 -1.077310815454e-01
3.511427001953e+02 -1.282366067171e-01
3.511436767578e+02 -1.617870479822e-02
3.511446533203e+02 -9.379432350397e-02
3.511456298828e+02 -1.351865828037e-01
3.511466064453e+02 -1.469329185784e-02
3.511475830078e+02 1.341565698385e-01
3.511485595703e+02 3.082767128944e-01
3.511495361328e+02 7.545133233070e-01
3.511505126953e+02 1.056403279305e+00
3.511514892578e+02 5.152265429497e-01
3.511524658203e+02 1.705009639263e-01
3.511534423828e+02 1.012895405293e-01
3.511544189453e+02 8.578872680664e-02
3.511553955078e+02 5.727323889732e-02
3.511563720703e+02 4.961215704679e-02
3.511573486328e+02 -5.398415029049e-02
3.511583251953e+02 -9.018603712320e-02
3.511593017578e+02 -1.064068637788e-02
3.511602783203e+02 5.696757137775e-02
3.511612548828e+02 1.964904367924e-01
3.511622314453e+02 1.052757948637e-01
3.511632080078e+02 -4.394610226154e-02
3.511641845703e+02 -5.252290144563e-02
3.511651611328e+02 -1.420387346298e-02
3.511661376953e+02 1.157818138599e-01
3.511671142578e+02 8.488587290049e-02
3.511680908203e+02 1.867493987083e-01
3.511690673828e+02 6.462605595589e-01
3.511700439453e+02 1.487812638283e+00
3.511710205078e+02 1.053394436836e+00
3.511719970703e+02 3.635270297527e-01
3.511729736328e+02 3.023478575051e-02
3.511739501953e+02 -3.214505035430e-03
3.511749267578e+02 -6.993306800723e-03
3.511759033203e+02 2.007958712056e-03
3.511768798828e+02 4.277162253857e-02
3.511778564453e+02 9.681795537472e-02
3.511788330078e+02 4.618499279022e-01
3.511798095703e+02 7.050584554672e-01
3.511807861328e+02 3.966579139233e-01
3.511817626953e+02 1.850477606058e-01
3.511827392578e+02 1.235652118921e-01
3.511837158203e+02 2.857145965099e-01
3.511846923828e+02 8.051124811172e-01
3.511856689453e+02 1.053105711937e+00
3.511866455078e+02 1.460658907890e+00
3.511876220703e+02 1.746297121048e+00
3.511885986328e+02 1.020850896835e+00
3.511895751953e+02 4.305546283722e-01
3.511905517578e+02 1.486011296511e-01
3.511915283203e+02 3.298238664865e-02
3.511925048828e+02 2.072122506797e-02
3.511934814453e+02 7.210921496153e-03
3.511944580078e+02 -9.495445527136e-03
3.511954345703e+02 8.581764996052e-02
3.511964111328e+02 4.839788749814e-02
3.511973876953e+02 3.546912595630e-02
3.511983642578e+02 1.206834018230e-01
3.511993408203e+02 3.477311432362e-01
3.512003173828e+02 6.932399868965e-01
3.512012939453e+02 8.972296118736e-01
3.512022705078e+02 6.045652627945e-01
3.512032470703e+02 2.008106708527e-01
3.512042236328e+02 -3.308637440205e-02
3.512052001953e+02 -7.607875019312e-02
3.512061767578e+02 -1.231266632676e-01
3.512071533203e+02 -6.660164892673e-02
3.512081298828e+02 4.551092535257e-02
3.512091064453e+02 1.269897520542e-01
3.512100830078e+02 4.274321496487e-01
3.512110595703e+02 9.809114336967e-01
3.512120361328e+02 9.250628948212e-01
3.512130126953e+02 5.718375444412e-01
3.512139892578e+02 5.597088336945e-01
3.512149658203e+02 6.102126240730e-01
3.512159423828e+02 4.296644032001e-01
3.512169189453e+02 2.163636982441e-01
3.512178955078e+02 1.664236038923e-01
3.512188720703e+02 1.622377038002e-01
3.512198486328e+02 7.280403375626e-02
3.512208251953e+02 3.545349463820e-02
3.512218017578e+02 1.005691066384e-01
3.512227783203e+02 4.138849079609e-01
3.512237548828e+02 4.422265589237e-01
3.512247314453e+02 3.750962316990e-01
3.512257080078e+02 6.112267374992e-01
3.512266845703e+02 1.369054079056e+00
3.512276611328e+02 2.688121080399e+00
3.512286376953e+02 3.481291532516e+00
3.512296142578e+02 2.383857727051e+00
3.512305908203e+02 9.669842123985e-01
3.512315673828e+02 6.715278029442e-01
3.512325439453e+02 7.388649582863e-01
3.512335205078e+02 7.193294763565e-01
3.512344970703e+02 3.648707866669e-01
3.512354736328e+02 9.324079751968e-02
3.512364501953e+02 5.322780460119e-02
3.512374267578e+02 -1.717881485820e-02
3.512384033203e+02 2.839527279139e-02
3.512393798828e+02 4.269261285663e-02
3.512403564453e+02 1.288012713194e-01
3.512413330078e+02 2.241972684860e-01
3.512423095703e+02 4.916996061802e-01
3.512432861328e+02 8.645896911621e-01
3.512442626953e+02 9.444281458855e-01
3.512452392578e+02 9.506793618202e-01
3.512462158203e+02 1.219882488251e+00
3.512471923828e+02 1.555613994598e+00
3.512481689453e+02 2.153718471527e+00
3.512491455078e+02 2.474333763123e+00
3.512501220703e+02 2.214269161224e+00
3.512510986328e+02 1.483284115791e+00
3.512520751953e+02 7.868496775627e-01
3.512530517578e+02 2.872566580772e-01
3.512540283203e+02 1.495205909014e-01
3.512550048828e+02 5.122765153646e-02
3.512559814453e+02 6.387212872505e-02
3.512569580078e+02 2.733829431236e-02
3.512579345703e+02 2.990453131497e-02
3.512589111328e+02 -2.176579833031e-02
3.512598876953e+02 1.486523170024e-02
3.512608642578e+02 3.554670140147e-02
3.512618408203e+02 7.486090064049e-03
3.512628173828e+02 1.469636429101e-02
3.512637939453e+02 -3.062918223441e-02
3.512647705078e+02 1.795548759401e-02
3.512657470703e+02 2.786433100700e-01
3.512667236328e+02 6.534093618393e-01
3.512677001953e+02 9.735783338547e-01
3.512686767578e+02 7.491778731346e-01
3.512696533203e+02 3.565821051598e-01
3.512706298828e+02 2.634944915771e-01
3.512716064453e+02 2.127966284752e-01
3.512725830078e+02 1.007091179490e-01
3.512735595703e+02 3.097999095917e-02
3.512745361328e+02 3.401435017586e-01
3.512755126953e+02 7.449808120728e-01
3.512764892578e+02 8.186342716217e-01
3.512774658203e+02 1.188080072403e+00
3.512784423828e+02 2.825294733047e+00
3.512794189453e+02 2.952478647232e+00
3.512803955078e+02 1.363366723061e+00
3.512813720703e+02 3.464479148388e-01
3.512823486328e+02 1.203171685338e-01
3.512833251953e+02 -2.917957864702e-02
3.512843017578e+02 -9.651464968920e-02
3.512852783203e+02 -1.211501434445e-01
3.512862548828e+02 -1.147859245539e-01
3.512872314453e+02 -9.914596378803e-02
3.512882080078e+02 -9.200822561979e-02
3.512891845703e+02 -7.518384605646e-02
3.512901611328e+02 -4.493555054069e-02
3.512911376953e+02 1.754549518228e-02
3.512921142578e+02 1.600663922727e-02
3.512930908203e+02 2.127314358950e-02
3.512940673828e+02 -4.876457154751e-02
3.512950439453e+02 1.717362999916e-01
3.512960205078e+02 4.369961023331e-01
3.512969970703e+02 2.071353346109e-01
3.512979736328e+02 1.006372272968e-02
3.512989501953e+02 5.976787582040e-02
3.512999267578e+02 1.297161430120e-01
3.513009033203e+02 1.312997788191e-01
3.513018798828e+02 4.287044052035e-03
3.513028564453e+02 -3.732392936945e-02
3.513038330078e+02 -9.153465181589e-02
3.513048095703e+02 1.289811581373e-01
3.513057861328e+02 1.905291080475e-01
3.513067626953e+02 7.454253733158e-02
3.513077392578e+02 1.025987602770e-02
3.513087158203e+02 5.733235180378e-02
3.513096923828e+02 1.086585819721e-01
3.513106689453e+02 2.655203640461e-01
3.513116455078e+02 1.654015779495e-01
3.513126220703e+02 7.285411655903e-02
3.513135986328e+02 -9.241713583469e-02
3.513145751953e+02 -1.176737323403e-01
3.513155517578e+02 -1.479126811028e-01
3.513165283203e+02 -8.790758997202e-02
3.513175048828e+02 1.945259980857e-02
3.513184814453e+02 9.242911636829e-02
3.513194580078e+02 2.252974361181e-01
3.513204345703e+02 5.174909830093e-01
3.513214111328e+02 1.437813878059e+00
3.513223876953e+02 1.291357874870e+00
3.513233642578e+02 5.397263169289e-01
3.513243408203e+02 1.842419803143e-01
3.513253173828e+02 3.891566768289e-02
3.513262939453e+02 1.153343319893e-01
3.513272705078e+02 2.595201432705e-01
3.513282470703e+02 9.122116565704e-01
3.513292236328e+02 1.151504635811e+00
3.513302001953e+02 1.623144984245e+00
3.513311767578e+02 2.809283733368e+00
3.513321533203e+02 2.059147596359e+00
3.513331298828e+02 6.634834408760e-01
3.513341064453e+02 5.871491506696e-02
3.513350830078e+02 -1.065560430288e-02
3.513360595703e+02 -5.691545084119e-03
3.513370361328e+02 -1.673127524555e-02
3.513380126953e+02 -5.425512790680e-02
3.513389892578e+02 -3.823924344033e-03
3.513399658203e+02 2.608138322830e-01
3.513409423828e+02 6.674271821976e-01
3.513419189453e+02 8.786049485207e-01
3.513428955078e+02 4.405821859837e-01
3.513438720703e+02 7.533282041550e-02
3.513448486328e+02 6.541886925697e-02
3.513458251953e+02 -6.009403616190e-03
3.513468017578e+02 -1.142834350467e-01
3.513477783203e+02 6.773730367422e-02
3.513487548828e+02 3.116763196886e-02
3.513497314453e+02 7.838931865990e-03
3.513507080078e+02 -2.318342030048e-02
3.513516845703e+02 1.836871169508e-02
3.513526611328e+02 2.600865438581e-02
3.513536376953e+02 5.399817600846e-02
3.513546142578e+02 3.245076909661e-02
3.513555908203e+02 -1.011855155230e-02
3.513565673828e+02 5.980242043734e-02
3.513575439453e+02 3.749868571758e-01
3.513585205078e+02 1.041001200676e+00
3.513594970703e+02 7.319085597992e-01
3.513604736328e+02 1.164307594299e-01
3.513614501953e+02 -8.020446635783e-03
3.513624267578e+02 1.645925268531e-02
3.513634033203e+02 -3.109383210540e-02
3.513643798828e+02 -6.535166501999e-02
3.513653564453e+02 -2.605999633670e-02
3.513663330078e+02 8.623349666595e-02
3.513673095703e+02 3.097414076328e-01
3.513682861328e+02 5.553596615791e-01
3.513692626953e+02 3.991924524307e-01
3.513702392578e+02 2.394042015076e-01
3.513712158203e+02 1.231070086360e-01
3.513721923828e+02 7.337177544832e-02
3.513731689453e+02 2.502567768097e-01
3.513741455078e+02 9.578309655190e-01
3.513751220703e+02 2.559227466583e+00
3.513760986328e+02 2.543469429016e+00
3.513770751953e+02 1.224191427231e+00
3.513780517578e+02 5.738115906715e-01
3.513790283203e+02 1.068050265312e+00
3.513800048828e+02 1.997383236885e+00
3.513809814453e+02 2.031439781189e+00
3.513819580078e+02 1.746729850769e+00
3.513829345703e+02 6.205646395683e-01
3.513839111328e+02 1.450554281473e-01
3.513848876953e+02 1.745965033770e-01
3.513858642578e+02 1.143761724234e-01
3.513868408203e+02 -1.633066125214e-02
3.513878173828e+02 2.539395354688e-02
3.513887939453e+02 -2.087229676545e-02
3.513897705078e+02 -1.124207824469e-01
3.513907470703e+02 -2.121090590954e-01
3.513917236328e+02 -1.621346473694e-01
3.513927001953e+02 -7.580589503050e-02
3.513936767578e+02 -1.327643264085e-02
3.513946533203e+02 5.758515000343e-02
3.513956298828e+02 1.010672748089e-01
3.513966064453e+02 1.761408708990e-02
3.513975830078e+02 -4.337524622679e-02
3.513985900879e+02 -1.021144613624e-01
3.513995666504e+02 -5.661654844880e-02
3.514005432129e+02 -6.016656011343e-02
3.514015197754e+02 1.655701398849e-01
3.514024963379e+02 1.059010267258e+00
3.514034729004e+02 1.621248960495e+00
3.514044494629e+02 9.350729584694e-01
3.514054260254e+02 5.635625123978e-01
3.514064025879e+02 5.144161581993e-01
3.514073791504e+02 6.746633648872e-01
3.514083557129e+02 1.057119727135e+00
3.514093322754e+02 1.022501826286e+00
3.514103088379e+02 6.877279281616e-01
3.514112854004e+02 3.210031390190e-01
3.514122619629e+02 3.396725514904e-03
3.514132385254e+02 -1.293049752712e-01
3.514142150879e+02 -1.518575400114e-01
3.514151916504e+02 -9.525573998690e-02
3.514161682129e+02 1.488277167082e-01
3.514171447754e+02 7.124373316765e-01
3.514181213379e+02 2.283797740936e+00
3.514190979004e+02 2.163763284683e+00
3.514200744629e+02 9.976248741150e-01
3.514210510254e+02 3.138987720013e-01
3.514220275879e+02 2.234524339437e-01
3.514230041504e+02 2.454098016024e-01
3.514239807129e+02 1.257431805134e-01
3.514249572754e+02 7.106447964907e-02
3.514259338379e+02 3.457971615717e-03
3.514269104004e+02 7.045528292656e-02
3.514278869629e+02 4.317530393600e-01
3.514288635254e+02 1.338423848152e+00
3.514298400879e+02 2.225165843964e+00
3.514308166504e+02 1.497008919716e+00
3.514317932129e+02 6.882259249687e-01
3.514327697754e+02 1.569602787495e-01
3.514337463379e+02 -3.441490978003e-02
3.514347229004e+02 -1.046102214605e-02
3.514356994629e+02 -9.552407264709e-02
3.514366760254e+02 1.835493743420e-02
3.514376525879e+02 2.111520916224e-01
3.514386291504e+02 1.048974514008e+00
3.514396057129e+02 2.053584098816e+00
3.514405822754e+02 1.373387455940e+00
3.514415588379e+02 4.430010020733e-01
3.514425354004e+02 9.083832055330e-02
3.514435119629e+02 1.979351192713e-01
3.514444885254e+02 5.257477760315e-01
3.514454650879e+02 1.013436675072e+00
3.514464416504e+02 1.034978985786e+00
3.514474182129e+02 8.336803913116e-01
3.514483947754e+02 3.561535179615e-01
3.514493713379e+02 9.554148651659e-03
3.514503479004e+02 -2.707782434300e-03
3.514513244629e+02 2.611710317433e-02
3.514523010254e+02 1.547640860081e-01
3.514532775879e+02 5.712882876396e-01
3.514542541504e+02 1.430777907372e+00
3.514552307129e+02 2.640412807465e+00
3.514562072754e+02 2.487967729568e+00
3.514571838379e+02 1.528276085854e+00
3.514581604004e+02 6.217857003212e-01
3.514591369629e+02 4.732539355755e-01
3.514601135254e+02 1.152190327644e+00
3.514610900879e+02 2.552499055862e+00
3.514620666504e+02 1.940168499947e+00
3.514630432129e+02 7.498633861542e-01
3.514640197754e+02 5.544276237488e-01
3.514649963379e+02 9.319762587547e-01
3.514659729004e+02 1.497234940529e+00
3.514669494629e+02 2.635137319565e+00
3.514679260254e+02 2.097144365311e+00
3.514689025879e+02 7.289144396782e-01
3.514698791504e+02 9.400310367346e-02
3.514708557129e+02 -5.399912595749e-02
3.514718322754e+02 -6.618456682190e-04
3.514728088379e+02 1.730555854738e-02
3.514737854004e+02 2.725970558822e-02
3.514747619629e+02 1.132576465607e-01
3.514757385254e+02 2.591339051723e-01
3.514767150879e+02 5.984386205673e-01
3.514776916504e+02 1.189066648483e+00
3.514786682129e+02 2.678644180298e+00
3.514796447754e+02 3.556993484497e+00
3.514806213379e+02 2.210025787354e+00
3.514815979004e+02 1.231533169746e+00
3.514825744629e+02 1.633769273758e+00
3.514835510254e+02 2.754028797150e+00
3.514845275879e+02 3.246195077896e+00
3.514855041504e+02 3.309356927872e+00
3.514864807129e+02 1.672905564308e+00
3.514874572754e+02 4.370232820511e-01
3.514884338379e+02 -1.796357892454e-02
3.514894104004e+02 -3.555807471275e-02
3.514903869629e+02 2.412101179361e-01
3.514913635254e+02 9.867308139801e-01
3.514923400879e+02 2.568216085434e+00
3.514933166504e+02 2.552813529968e+00
3.514942932129e+02 1.145032644272e+00
3.514952697754e+02 2.552004158497e-01
3.514962463379e+02 -1.656145229936e-02
3.514972229004e+02 1.015439443290e-02
3.514981994629e+02 2.696474790573e-01
3.514991760254e+02 8.970978260040e-01
3.515001525879e+02 2.430491209030e+00
3.515011291504e+02 2.399155139923e+00
3.515021057129e+02 1.012112975121e+00
3.515030822754e+02 3.151270449162e-01
3.515040588379e+02 2.281707525253e-01
3.515050354004e+02 2.093841433525e-01
3.515060119629e+02 3.209744095802e-01
3.515069885254e+02 3.827622830868e-01
3.515079650879e+02 1.130335450172e+00
3.515089416504e+02 1.894601583481e+00
3.515099182129e+02 1.197108268738e+00
3.515108947754e+02 6.402457356453e-01
3.515118713379e+02 3.352988660336e-01
3.515128479004e+02 9.048733115196e-02
3.515138244629e+02 2.475440204144e-01
3.515148010254e+02 1.006827831268e+00
3.515157775879e+02 1.254589319229e+00
3.515167541504e+02 3.987428247929e-01
3.515177307129e+02 5.412306785583e-01
3.515187072754e+02 1.058284521103e+00
3.515196838379e+02 1.202328562737e+00
3.515206604004e+02 1.922980427742e+00
3.515216369629e+02 1.552434682846e+00
3.515226135254e+02 5.495421886444e-01
3.515235900879e+02 1.796999722719e-01
3.515245666504e+02 2.074947804213e-01
3.515255432129e+02 6.070688962936e-01
3.515265197754e+02 9.420550465584e-01
3.515274963379e+02 8.032474517822e-01
3.515284729004e+02 9.739728569984e-01
3.515294494629e+02 1.555843353271e+00
3.515304260254e+02 1.586599826813e+00
3.515314025879e+02 2.228716135025e+00
3.515323791504e+02 2.901858329773e+00
3.515333557129e+02 3.089526891708e+00
3.515343322754e+02 2.701613903046e+00
3.515353088379e+02 1.344768762589e+00
3.515362854004e+02 9.217389225960e-01
3.515372619629e+02 1.983820438385e+00
3.515382385254e+02 2.796495676041e+00
3.515392150879e+02 1.704038858414e+00
3.515401916504e+02 8.830878734589e-01
3.515411682129e+02 6.410220265388e-01
3.515421447754e+02 8.520973920822e-01
3.515431213379e+02 1.513292789459e+00
3.515440979004e+02 1.486178755760e+00
3.515450744629e+02 1.319065928459e+00
3.515460510254e+02 7.981090545654e-01
3.515470275879e+02 3.751618266106e-01
3.515480041504e+02 6.127797439694e-02
3.515489807129e+02 -9.426053613424e-02
3.515499572754e+02 -1.131979972124e-01
3.515509338379e+02 -4.650785028934e-02
3.515519104004e+02 -5.347172915936e-02
3.515528869629e+02 7.459223270416e-02
3.515538635254e+02 3.091524541378e-01
3.515548400879e+02 4.691201448441e-01
3.515558166504e+02 5.928093791008e-01
3.515567932129e+02 5.952462553978e-01
3.515577697754e+02 3.852381110191e-01
3.515587463379e+02 1.934141367674e-01
3.515597229004e+02 -2.534534595907e-02
3.515606994629e+02 -1.629623584449e-02
3.515616760254e+02 2.552264183760e-02
3.515626525879e+02 3.998052701354e-02
3.515636291504e+02 4.874545708299e-02
3.515646057129e+02 3.269274234772e-01
3.515655822754e+02 9.207356572151e-01
3.515665588379e+02 1.066431045532e+00
3.515675354004e+02 5.568709969521e-01
3.515685119629e+02 2.524957060814e-01
3.515694885254e+02 2.157004773617e-01
3.515704650879e+02 1.014757975936e-01
3.515714416504e+02 3.249068558216e-02
3.515724182129e+02 -4.185009002686e-02
3.515733947754e+02 -6.686951965094e-02
3.515743713379e+02 -6.225557625294e-02
3.515753479004e+02 -1.603108793497e-01
3.515763244629e+02 -1.174451336265e-01
3.515773010254e+02 -2.019844204187e-01
3.515782775879e+02 -1.668888330460e-02
3.515792541504e+02 1.615409702063e-01
3.515802307129e+02 7.548997998238e-01
3.515812072754e+02 8.296993374825e-01
3.515821838379e+02 3.468052446842e-01
3.515831604004e+02 1.094455420971e-01
3.515841369629e+02 4.187796637416e-02
3.515851135254e+02 4.287290200591e-02
3.515860900879e+02 -2.845811657608e-02
3.515870666504e+02 -1.052414402366e-01
3.515880432129e+02 -9.816469252110e-02
3.515890197754e+02 -5.994254723191e-03
3.515899963379e+02 3.965518251061e-02
3.515909729004e+02 6.393712013960e-02
3.515919494629e+02 9.284749627113e-02
3.515929260254e+02 -1.715106423944e-03
3.515939025879e+02 -1.385721191764e-02
3.515948791504e+02 9.404475241899e-02
3.515958557129e+02 2.423505485058e-01
3.515968322754e+02 4.192545413971e-01
3.515978088379e+02 1.368684649467e+00
3.515987854004e+02 2.529853820801e+00
3.515997619629e+02 1.420607805252e+00
3.516007385254e+02 4.515777528286e-01
3.516017150879e+02 2.445521056652e-01
3.516026916504e+02 5.477554798126e-01
3.516036682129e+02 7.062330842018e-01
3.516046447754e+02 7.701401710510e-01
3.516056213379e+02 1.138198733330e+00
3.516065979004e+02 2.616995096207e+00
3.516075744629e+02 2.586994886398e+00
3.516085510254e+02 1.282897830009e+00
3.516095275879e+02 3.360495269299e-01
3.516105041504e+02 1.183430999517e-01
3.516114807129e+02 9.720205515623e-02
3.516124572754e+02 6.450832635164e-02
3.516134338379e+02 5.928652361035e-02
3.516144104004e+02 1.869546473026e-01
3.516153869629e+02 5.562390685081e-01
3.516163635254e+02 1.735330462456e+00
3.516173400879e+02 2.647824048996e+00
3.516183166504e+02 1.479891538620e+00
3.516192932129e+02 4.129549860954e-01
3.516202697754e+02 9.391127526760e-02
3.516212463379e+02 2.098490893841e-01
3.516222229004e+02 6.800686717033e-01
3.516231994629e+02 1.155422687531e+00
3.516241760254e+02 1.610726594925e+00
3.516251525879e+02 2.381713151932e+00
3.516261291504e+02 1.863765478134e+00
3.516271057129e+02 1.244681954384e+00
3.516280822754e+02 7.578364014626e-01
